$ANSIBLE_VAULT;1.1;AES256
31633164373665663631313432663438316665616332396439656234633737373362343434316330
3634363066646363323137376132613632633331376636300a623364333331663865303730353266
36643636326137313761663330323238343536336530333862376266656630386366656233366366
3537636538343361610a373466323762396364656637363030636165333832356632386539343864
32613264633435383830386163323935386566343764316536616635623361646361396263356139
39613133313435396530383664653339323365653865656136306162353062396563333131663932
35616166376436306433636662383064333536356462643965343834623032363238653763653430
30666634633730653035646334323234313661313534366339623963666638326334643737373366
65656461363837653434623434383530333138306331346662656331616466316435643437353261
32356361356335386631636464343531343836656237353238316361336131633735366538643661
62333265323661343435376338366165633362356662633739393330633233626538363964316161
63313138363361616562346232393665326165376537323037333461353134663361376338353538
62383632393431646433656566343438643335366664623037313736663361623231623230656461
65336234306461613838306565343265623130363030303630326362396337643337303631313963
31373939356437656230303834656139366233363964643166366232613130363034646232613033
33323262356261663433343232643936393935653632366161393261613034376136303531633865
37643130346234373038373734336631363732363464306136366333396163303035333533626363
37323237323137313737396137613562306336376234636631303037643531653236303634623737
62623566656135323436363263373262356466323835656164646562383032343664623661626634
34663032613137666638396531623038336463633262663062323761336666363634383135396438
62623634313332343432623063666561333564393137326236303639313661643738373131373863
65383562383663333662616430323364383866373933663062366234316637346366663566623863
63396439363633666536343630313736303736323362333661633564373531616139346439343134
63396262343763356239396630383165306639626264633966636262393361356333333264623532
37336336623266643162326366653237356562666536376133346563353933326137356335366438
65386137303233376139313330623836396639353761363830663666636166323632393163623861
38623163313538376362353935333535623562323866356436346237323333656562373431323133
62393139636337386464643962353130346163303164363736656535313035366239353837333832
66653562303734623261393064353766663663633362366138646234303464663363343039323430
36646465333038633933343430333666396134613935636530336130623637633236666334363265
31653839333162383535643638346363626466386238333938363132316336616663336262373831
36363366323732656562386633303463653638636465353133313537353535653962366330656661
61353437613932633366376139646434633235333638643631363961653236626138376664613931
38356231366164636434666466333464633334326535343531643131633761653438333035616562
62303565613338363837313436393861616331343934653835643339336133343835626266626631
61343064376236353262636633616637363937303330626139343862636633666135373665326463
36363565626230343961656639636230613335363462346366363833343031326631633433373064
64663739333831616439623533663766613036333435623239323337633132313266363465393837
38356437386630633138633630376439306430326138626435333936303934633964383732376535
33353230373763656430323766303833396162373363636136343932376133623234643262303435
37383236306264326138353330303131623539323165656633396463343831613437343735663030
61323034626264306137343535616135646637623639343130383066396539643365316231613230
62666166386132363034313239303939393237663462663361633564373966393265306435656362
61653132643231316530656335326166303761653236653633303833636538613131643236383937
64343964333230343331653738323431636436373536646661343434353432323864323935613163
34363130373438333437663734373439393563343933303466623234643038376233336133316634
34386236613330643434353762386632613038393037353863643864326666666533396562323237
32343830383666643539643166353434666437326332653535306334643736363334396366326665
38363265313563313435313061393639636631653966393662623036323438613433663235396438
32653662316364303066663631303662396465366335653165316630646262636664323831363666
35373265353435626261363136383131613039646162376262376464356136646238373830623735
39363833366335623435333262656561373139333432396534646136303236366131363064393932
30353437333235326261353438613630373463393431363930383332303661383131383462613831
34623433636438356531386137663735646232336539646162383333613637363130646634613135
61363062663665613862663138383431626330623132316134313432323936646237613538353030
36313236386132356231386261373465663135353639616664653461386365616563643137393835
31323961653730303137306565313761336465323739663236623333353533353165
